1
2
4
8
16
32
64
128
256
512
1024
2048
4096
8192
16384
32768
65536
131072
262144
524288
1048576
1048577
1048578
1048580
1048584
1048592
1048608
1048640
1048704
1048832
1049088
1049600
1050624
1052672
1056768
1064960
1081344
1114112
1179648
1310720
1572864
2097152
2097153
2097154
2097156
2097160
2097168
2097184
2097216
2097280
2097408
2097664
2098176
2099200
2101248
2105344
2113536
2129920
2162688
2228224
2359296
2621440
3145728
3145729
3145730
3145732
3145736
3145744
3145760
3145792
3145856
3145984
3146240
3146752
3147776
3149824
3153920
3162112
3178496
3211264
3276800
3407872
3670016
4194304